65535
25
13
27
13
13
121181
65542
65275
13
121181
121181
348
348
348
352
348
348
348
348
348
348
348
4
344
30962
348
352
396
356
368
356
376
336
344
348
370
411
377
121793
121793
2
1004
1019
63
2106333
2106329
2106448
2106340
2106340
2106340
2106340
2106340
380
646
826
894
951
960
1170
382
421
425
1216
1320
414
414
406
385
417
393
417
428
404
432
531
660
704
20995
21297
4030
7653
9323
14617
17078
19078
22442
25654
25654
25792
25880
25952
25967
26110
26254
26310
26331
26331
28994
29091
29172
29267
29274
29459
29595
29755
29878
30028
30159
30305
30358
1140
1137
1136
1147
1154
5
23
22
26
23
31
28
25
23
26
18
19
29
43
35
21
14
21
28
19
23
39
33
34
27
27
28
25
34
27
27
28
25
21
34
27
27
28
25
417
412
412
524
415
471
14
14
735573
14
4
4
9
4
7
55
6
1085
19
38
432
402
43
19
20
14
20
7
1053
1053
1358
2168
30
17
20
27
18
21
28
27
27
25
21
23
22
24
15
18
38
478
508
951
1076
415
1375
651
61
336
68
426
1088
133
132
641
99
720
505
490
645
707
683
7
1076
15
10
36
1306
1307
1296
1305
1296
1431
1350
1366
1363
1365
1365
1155
1161
1173
1182
1183
13
53
871
878
16
4
28
36
26
27
14
37
33
31
26
24
34
31
19
36
30
38
17
33
27
31
14
16
14
29
46
28
38
29
4
23
23
24
21
50
24
30
41
29
26
30
32
10848
614
20557
16140
10928
9465
9488
241
14692
27421
22140
840
11356
11579
11610
11594
11371
10213
197
5760
1295
1269
1237
1427
1441
1429
1536
1550
1538
898
10855
630
9472
9495
260
14699
12619
12273
12185
11151
11295
1582
1707
6918
7062
5339
5349
6698
5438
9707
7905
7445
8693
6611
6613
6585
6208
2311
9910
13
14
25
29
22
32
14
17
36
33
27
31
14
16
30
36
20
16
21
29
29
23
10
16
22
6
19
27
30
31
91
17
33
25
22
16
18
29
15
6
5
13
23
11
20
34
43
47
30
30
30
30
21
31
8
23
13
32
20
30
28
20
24
44
19
15
21
12
57
9
29
21
13
10
17
22
14
30
31
991
42
60
25
12
14
19
9
9
27
28
26
26
14
29
54
17
16
28
21
8
13
9
24
32
23
36
18
19
29
19
27
17
29
25
12
22
12
32
19
13
17
25
31
20
30
39
15
32
23
12
157
157
31
16
24
26
20
23
36
20
24
23
22
24
19
24
20
29
11
39
14
13
20
13
15
27
12
32
16
33
28
32
36
17
43
52
82
16
49
44
22
23
24
23
24
466
12
14
30
33
18
1506
329
325
11
22
24
20
31
27
28
14
23
36
32
36
7
20
13
12
32
29
518
1741
1755
1767
1278
1289
1684
362
1589
876
2107
1289
417
1372
2380
877
956
865
970
2256
645
1295
549
902
1307
1197
1732
5
12
57
24
34
35
7
438
444
8
12
8
12
18
21
13
21
13
15
14
19
26
22
5
30
11
8
793
505
602
904
541
337
884
772
779
1627
1634
627
1870
75
632
797
1016
1181
833
851
16
15
14
14
13
7
26
20
10
17
24
15
19
6
10
24
13
22
29
22
1246
1246
1876
1886
56
1395
1476
993
522
579
66
479
724
1271
705
1289
1713
757
763
69
1045
847
944
973
874
881
796
1070
1070
1676
585
643
1066
550
766
1906
1109
1047
875
413
2027
82
690
867
678
969
496
578
719
97
125
302
1004
1003
1300
1350
1350
1338
1364
1364
12
103
155
296
614
12
345
350
254
286
96356
96340
4
62
31
44
43
6
20
36
34
29
12
30
28
24
20
36
34
29
31
12
6
12
6
45
30
28
31
20
36
34
29
31
12
6
12
6
44
43
45
30
28
31
20
36
34
29
31
12
6
12
6
27
27
34
44
43
45
30
28
31
20
36
34
29
31
12
6
12
6
27
27
34
44
43
45
30
28
31
33
26
90
20
36
34
29
31
12
6
12
6
27
27
34
44
43
45
30
28
31
90
20
36
34
29
31
12
6
12
6
27
27
34
44
43
45
30
28
31
90
20
36
34
29
31
12
6
12
6
27
27
34
44
43
45
30
28
31
90
20
36
34
29
31
12
6
12
6
27
27
34
44
43
45
30
28
31
90
6
31
12
45
43
44
31
20
6
12
34
27
27
28
30
29
34
36
90
17
5
29
35
21
27
14
24
14
29
26
19
55
14
29
26
19
55
5
55
24
58
25
55
55
55
55
15
18
14
20
19
16
29
14
19
21
29
24
14
20
17
21
21
35
34
12
15
9
13
25
28
24
25
26
25
75
75
51
65
75
75
36
51
18
21
36
36
55
65
1810
29174
29181
29181
94934
28979
1424
1424
1424
1612
1612
1612
1612
1683
1229
1277
26226
26233
1862
30549
1219
1218
1327
58
1062
1125
2982
490
475
3294
790
29938
29938
59
2822
2822
2823
3297
713
15
22
17
15
15
15
15
73
21
18
18
12
25
31
80
16
55
35
4
8
12
24860
1084
1170
1204
843
1529
1963
1225
1102
1102
1533
1659
1529
28
25
25
61
4
21
21
614
676
677
678
23
16
14
18
16
23
16
23
23
14
14
14
18
16
23
14
16
18
16
14
16
14
16
14
16
16
16
16
18
14
16
14
18
16
16
693
638
16
622
55
34
753
753
753
1142
1142
1157
1157
1157
1157
